bundle ID,intent
0,different style of Top
1,swimsuit
2,Lingerie and sexy accessories
3,Leggings with different styles
4,different style of bracelet
5,different style of watches
6,All 3 are under shoes category 
7,Cinderella Child Costume
8,Rings
9,different style of jeans
10,different style of bags
11,Necklace
12,Girls pant &Shirts
13,for babies wear
14,pajama set
15,fashion
16,Winter caps with different colors
17,womens rings in different styles
18,womens jewelery
19,Ring
20,Bangle/bracelet
21,Men's Jewelry
22,Necklace with different style
23,boat neck sleeve blouse and long sleeve stretch blouse 
24,the hunger game and Men black necklace and clothing fire pin prop 
25,jewelry
26,boot
27,men's shoe
28,super
29,Women's footwear
30,Pumps
31,Sports
32,Workout outfit
33,Possible night out party wear
34,Jewelry 
35,Earings
36,Rings
37,"ring,earing,chain related to women"
38,women sneakers and boots
39,"1,3,4,5,6 are relavant"
40,"Women's outfit to keep warm with fleece leggings, 2 different option of hooded vest or a puffer jackethooded"
41,WOMEN SLEEVE AND SLEEVELESS DRESS
42,Shirt
43,SLIPPER
44,Earrings and pendants set
45,women's sandals
46,Bikini items 
47,underwear
48,different style of bags
49,different style of boot
50,various costume jewellery items
51,Baby dress
52,for the own purpose these product was want
53,Boot
54,Gloves
55,Comfortsoft Cotton Stretch and Women's Plus Size Faux Shearling Long CoatLow Rise Brief Panty
56,Item 2 and 4 are Same products
57,shirt
58,WOMENS T-SHIRT
59,WOMENS DRESS
60,Long line Bra
61,different style of shoes
62,Flip flops 
63,same style sandal different colour
64,Women socks
65,tights/leggings
66,different style of socks
67,girl shoes
68,Crocs for kids
69,Belts
70,boots
71,Women's Boots
72,woomen boot
73,for packing
74,cold weather gloves 
75,ring
76,Winter warm up 
77,women's shirt and blouse
78,Women's shirts with different styles
79,Different style of shoes
80,winter wear
81,champion intent
82,women's boots
83,animal prints
84,4
85,womens dresses
86,womens accessories
87,Men's Pant
88,party
89,WOMEN'S TOPS
90,different style of watches
91,different style of shoes
92,womens rain boot
93,women's leg warmer
94,women's boots
95,Leggins
96,Women's bra
97,jewelry set
98,Winter clothing and wear
99,"Shemagh Military Tactical Desert Scarf, Men's Principle Belt and Gold Grill T-Shirt"
100,Women's pants and top
101,Men's pullover and shirt
102,baby dress
103,bags
104,high heeled shoes
105,fashion jewelry
106,accesories/jewelry
107,Women's clothing and accessories
108,Womens tops different styles
109,good quality
110,WOMEN BOOTES
111,wedge sandal
112,earrings with different style
113,rings with different style
114,gold  earing
115,New clothing 
116,Dressy Shoes
117,Comfortable Flats
118,Edgy Outfit
119,Jewelry
120,Watches
121,Charms
122,Different Face Mask
123,Nursing bras
124,nursing bra
125,kids underwear
126,the are all clothes that can be bundled 
127,Bra with different styles
128,Baby boys T-Shirts
129,different model 
130,owls animal crochet knit 
131,"1,8  different model "
132,Women's shoes
133,different style of top
134,Sunglasses with different colors and style
135,Shoes and Socks
136,Travel
137,like a clothing
138,t shirts with different styles
139,Women's top
140,Men's T-Shirt
141,handbag
142,Watches
143,men's watch
144,women's accessories
145,different style of jeans
146,Womens footwear
147,Partywear/Eveningwear outfit bundle
148,Searching for child's Halloween costume
149,different style of dress
150,different style of skirt
151,Rainbow 
152,different style of warmers
153,kid clothes
154,Cosplay within a certain theme
155,Women's swimwear different  models
156,bucket hats
157,Shoes with different styles and designs
158,shoes
159,boot
160,Women's dress
161,attractive
162,good quality
163,ITEM 2 & 5 ARE RELEVANT
164,Bra styles
165,quality
166,Bra with different styles
167,Womens clothes
168,WOMENS WATCH
169,ITEM 5 AND 6 ALTERNATIVE PRODUCTS 
170,women jewelry with different style
171,Warm clothing accessories 
172,Baby pajamas size 6M-5T
173,leveret footed 
174,Different types of Earrings.
175,BOYS EAR PLUGS
176,Boys swimming attire
177,Women’s business attire
178,Surf Swim
179,"Rib Cuff"" Bike Shorts and Front Cargo Shorts"
180,Boys products
181,different style of briefs
182,"coat, jean and shoes"
183,Accessories
184,mens clothing
185,Men's Smooth Underwear Stretch Boxer Briefs
186,open crotch
187,leg avenue
188,shoe and socks
189,good quality
190,Bikini
191,Love Ring in Script Sterling Silver 925 and Fashion Plaza 18k White Gold Plated Use Austrian Multi-Crystal Spark Ring R51 and Bling Jewelry Sterling Silver Alexandrite Color CZ June Birthstone Eternity Ring
192,Ankin Hot New Sexy Women's Tassel Padded Bandeau Fringe Bikini 2pcs Set Swimwear Swimsuit Bathing Suit and Women's Active Basic Plain Basic Camisole with Spaghetti Straps and Strapless Padded Twisted Tie Side Bikini Swimsuit and 1016 Woodland Camouflage Womens Short Mini Skirt Large and Zenana Women's Outfitters Cotton Spandex Jersey Crop Legging
193,Sportswear
194,Necklaces with different charms
195,shorts and sandal
196,different style of sandal
197,"ITEMS 1,2, 3 ARE MOSTLY RELEVANT."
198,womens pump
199,different styles of bags
200,Different types of necklaces
201,Hoop earrings and watch.
202,byer clothing
203,womens tops with different style
204,different style of belt
205,different style of watches
206,different style of bras
207,different style of plug
208,Women footwear
209,costume
210,Jewelry/Necklets
211,necklace
212,different style of bra
213,different style of Brief
214,alternative products
215,going for a walk
216,WOMENS SHOES
217,Cosplay within a certain theme
218,different style of shirts
219,women clothes
220,women clothes
221,Shoes
222,t shirt
223,Men's T-shirt and pants
224,different style of rings
225,Earrings
226,Barbell items
227,Jewelry set
228,Men's tee
229,Women's shoe
230,handbags
231,sandals
232,they look like items you would take on holiday with you
233,Jewellery collection
234,Different types of bag
235,Wristwatch/Earing with different styles
236,HONEY BEE COSTUME
237,child's costume
238,men's slipper
239,womens inner 
240,different style of shaper
241,fashion clothes
242,socks
243,boot 
244,M en's products
245,Exercise pants for yoga
246,Jewels and cleaner for them
247,"These are all products as accessories. Jewelry cleaner goes here too because it is to clean the accessory,"
248,socks
249,womens sandal
250,Toddler set 
251,Lavable Friends Cotton  Tights and socks
252,Diaper kids
253,Different bra styles
254,Different styles of leggings
255,Different styles and types of bags
256,Men's accessories
257,Midi dress and maxi dress combo ( color blue and red)
258,women heels
259,earrings
260,women's pant
261,selling shoes
262,Both are sandals
263,different options for purchases
264,Penny Loves Kenny Women's Ferne Boot
265,They all again are clothes for one person.
266,Short Jean
267,Cosplay within a certain theme
268,jewelry set
269,Men t shirts
270,Accessories 
271,Allegra K Women's dress
272,WOMENS T-SHIRT
273,PENDANT NECKLACE
274,Women's Jacket and hat
275,jewelry set
276,necklace collection
277,No image & Ring
278,key scain
279,Women's Nursing Bra
280,Variations of similar items
281,Baby clothes
282,Jean and polo shirts
283,tops
284,complementary products
285,foot wear
286,gloves with different brands
287,gloves with diferents styles
288,womens clothes
289,different types of rings
290,Anklet with different color
291,ceremony dresses
292,pump 
293,women's foot wears
294,Women's accessories
295,Fits Glass Lockets different style
296,Gift items and chain dollars
297,chain
298,Princess jewelry
299,Toddler clothes
300,Thomas tank
301,Children products
302,Costume play sets
303,TIES
304,Cookery dress
305,Wrist Watch
306,Fathers Day Gifts
307,various men's jewelry
308,Stainless Steel Ring
309,purchasing watches is the user intent.
310,Different style of women stockings
311,Women's Wet Look Thigh
312,To look sexy/date
313,Fashion
314,Earnings 
315,Lip rings and necklace
316,jewelry set
317,different style of shoes
318,Necklace
319,Jeans
320,different style of shoes
321,T-Shirt
322,Watch
323,WATCH
324,they are related to the same user intent
325,T-shirt
326,Shoes
327,All women's clothing
328,Beach wear
329,Dress
330,Shoe & Socks
331,Womens tops
332,To be fashionable
333,womens shoes
334,women shoes
335,fashion 
336,Watches and watch storage
337,Women's apparel
338,kid clothes
339,1.7 alternative is same
340,Dresses
341,Running wear
342,Girls items 
343,women's bra
344,3
345,Sunglasses different style
346,Kids water shoes
347,"Sterling Silver Anchor,Sterling Silver"
348,Bijoux
349,Women's bracelets
350,Women's bags (different styles)
351,jewelry set
352,different style of top
353,different style of watches
354,Men's Mocassin
355,they are all beach vacation wear
356,swim trunks
357,Customer wants some jewellery and this combination works
358,jacket 
359,Women's Lemon Flat and Women's Owen Boot
360,mans sports watch 
361,outerwear 
362,footwear 
363,good quality
364,Women necklace and rings
365,high quality
366,7
367,Cuban Heel Men's Footwear
368,Women accessories 
369,maternity clothes
370,nursing bra
371,different style of dress
372,skirt and pump
373,different style of bracelets
374,different style of watches
375,wirst watch for male different style
376,different types of kids outfits
377,costume
378,different style of watches
379,alternative products
380,Most fit
381,Easily Interchangeable Replacement Military Watch Strap / Band - Fits All Watches
382,Mother and child
383,Women's Business Casual Clothes
384,THE WIZARD OF OZ COSTUMES ELEMENTS
385,Children's clothing
386,Women's accessories
387,types of shoes for women
388,WOMENS SHOE
389,Women's dresses
390,"Professional attire including top, bottoms, shoes and professional bag."
391,women tops
392,Women's sports bra
393,reasonble bundles
394,WOMENS DRESS
395,Men's pants
396,Men's shirts
397,kid clothes
398,different style of dress
399,kid clothes
400,pants
401,T-shirt
402,Men's garment and accessories
403,Women's bra
404,baby headbands
405,This is clearly a set of items to buy for a baby shower. Complementarity & style/functionality.
406,different tops for men
407,different style pants for men
408,Mens outfit
409,Womens accessories
410,mens T.shirt 
411,complementary - item 1 and 2
412,women swimsuit
413,WOMEN DRESS
414,it is nice wearing them together
415,t-shirt
416,travel
417,toys
418,"Items 2 and 10 are complementary products (trainning clothes)
Items 5 and 7 are complementary products (travel)
Item1:Warner's Women's Unbelievable Unwire Push Up
Item2: Jockey Ladies Rib Knit Two Pocket Pant GJ2211T
Item3:  Warner's Women's Unbelievable Unwire
Item4: Jockey Scrubs Ladies Snap Front Scrub Top with Notched Neckline
Item5: Maidenform Women's Pure Genius T-Back Bra
Items 7 and 8 are alternative products"
419,Baby clothes
420,footie for babies
421,My partner like that so i like it
422,product bought to wear at home
423,casual outing dress
424,Women's accessories 
425,T-SHIRT
426,long sleeve
427,jewelry
428,man watch
429,jewelry
430,men's pant
431,Men's accessories
432,jewelry set
433,jewelry and accessories
434,different style of watches
435,Cosplay within a certain theme
436,T shirt for men
437,socks and shoe
438,men's jewelry
439,marc ecko cut& sew men
440,Baby wear . All items
441,Baby pajamas
442,kid clothes
443,Men's Socks (different style)
444,Alternative women boots
445,Different style boots
446,different style of Earrings
447,watches
448,Sunglasses
449,accessories
450,different style of T-shirt
451,different style of T-shirt
452,same colour and the clothing but quality and the branded
453,Jean
454,kid pants
455,different style of jewelry
456,womens panty with alternate product
457,Bra
458,womens dresses
459,"Items5, 7,8 Professional Dresses
Items 4,6,7 Casual Dresses"
460,different style of shirt
461,jewelry set
462,jewelry set
463,jewelry set
464,Bracelet and charms for it
465,T-shirt
466,Disney themed clothing
467,"Since those days, Google search has become a sophisticated product with a ... into understanding the intent behind a query, and this is reflected by the types of ... a specific action, such as purchasing a specific product or booking a service."
468,Shoes
469,"top, shirt and shoes"
470,dress and sandal
471,Different design scarves
472,Jewelry
473,Women's V-neck t-shirts
474,Women's bra
475,ladies deep v white
476,bra
477,Women's top
478,scarves
479,May ve a good deal
480,t-shirts with different designs
481,scarves of different styles
482,men's clothes
483,women's tops
484,baby clothing
485,ladies watches
486,Has  longevity
487,different style of shoes
488,Sandal
489,hair band
490,frock
491,cap
492,WOMENS RING
493,"Those are rings, alternative products"
494,jewelry set
495,two different dress
496,match for dress n shoes
497,T-shirt
498,men t-shirts 
499,jack sparrow costume
500,Pirate Costume
501,top and pants
502,shirt and pants
503,Kids pjs
504,pajamas
505,casual clothes
506,Womens wear
507,Different types of purse
508,different style of necklace
509,different style of  rings
510,different style of dress
511,Swimwear
512,Baby girl swimwear
513,Roxy girls clothing
514,Walking shoes
515,ornaments
516,men s socks
517,Intimate Sleepwear
518,men s boxer and Tshirt
519,Men’s Tops
520,pendent and chain
521,Cool Accessories for Girls
522,Lady's handbag
523,different style of shorts
524,different style of NeckTie
525,watch accessories
526,European Charm Bracelet
527,different style of belts
528,different style of socks
529,men clothes
530,top platform high wedge
531,different kinds of skirts
532,pant
533,womens rings
534,T-Shirt
535, Pajama Pant
536,Woman's Clothing
537,Type of Belt
538,Because they are related to the same user intent.
539, Boot
540,men socks
541,go traveling
542,different but similar tops
543,Scarf
544,different style of boot
545,different style of earings
546,different style of bags
547,flat sliper
548,no colour
549, Item 1 and 2 are complementary products
550,women's panties
551,complementary products
552,belt
553,"Item 1,Item 2"
554,casual women wear and accessories
555,Girls top in different styles
556,Neck Warmer
557,Shoes
558,Prepare winter clothes for their kids
559,different style of earings
560, Quality of lasting or remaining unchanged indefinitely
561,Women accessories
562,Libian dresses
563,Different styles of women's running shoes
564,Girl's Undergarments
565,different style of shorts
566,Steampunk costume bundle
567,Sanuk slip on shoes
568,Women’s jacket
569,car
570,very useful products because of the need of customer they purchased this products
571,shoes and flip flop sandal
572,Hair band with different color
573,different style of sandal
574,different style of sandal
575,tops
576,Women's silicone band watches
577,Fashion
578,WOMEN'S TOP AND BOTTOM
579,WOMENS T-SHIRT
580,"These are all male items, shoes and clothing "
581,Alternative shoes for men 
582,Women's Sandles
583,Men pant and brief
584,prize and quality
585,Chain
586,Pendants and Necklaces
587,"Our specialists wrote the most comprehensive User intent definition, just for ... them, trying to understand the context and the intention behind those words. ... the search query shows the user's intention to purchase a product"
588,MENS SHOE
589,MEN'S ASICS RUNNING SHOES
590,SANDALS
591,similar sneakers with different styles
592,essential uses
593,Need Shirts And Jeans 
594,Women's clothing
595,Boy's t-shirts
596,stretch jean
597,MENS T-SHIRT
598,ladies sandals
599,BOTTOMS
600,kids dress 
601,t-shirts
602, toddler footless and shoe
603,Angel Wig and blue cap
604,Skirt
605,jewellery 
606,Lecklace different styles
607,awareness of breast cancer
608,different style of bra
609,different style of top
610,women's top
611,Women's T-Shirts
612,Items could all be worn on vacation to a sunny country
613,WOMENS T-SHIRT
614,"1,2,3,5 are relavant"
615,Bijoux
616,earrings diffrent style
617,different style of shoes
618,Cold Weather accessories
619,hats with different styles
620,Items to keep warm. 
621,kid clothes
622,skirt and sandal
623,baby suits
624,Baby 3 pk body suit and pant
625,kid clothes
626,women slipper
627,women's Sandal
628,Long/Maxi dress
629,Tops
630,women cloth
631,tshirt and compression top 
632,Blue jewelry 
633,"1,3  women dress are same"
634,Cosplay within a certain theme
635,different style of shirt
636,dress and pump
637,womens mossy oak
638,WOMENS BOOTOM
639,Women's Tight
640,different kinds of shoes
641,Bijoux
642,different style of dress
643,MEN'S SHOES
644,trunk
645,Boys watch
646,womens pajama sets
647,Women's Tank
648,Women's underwear products.
649,Women's Watch
650,Watches 
651,Sleeve 
652,Women's Shirt
653,jeans and belt
654,bracelet
655,jewelry
656,shoes
657,womens dress iteam 
658,high quality
659,T-shirt
660,Sport t-shirts family
661,different style of sandal
662,watches
663,"NEW ACCESSORIES TO MATCH SHIRT
"
664,Jewellery
665,sandals and t-shirt
666,"Items 3 and 5 are complementary products
Items 2 and 4 are alternative products"
667,Ninja shoes
668,women necklace
669,nice
670,Dresses
671,Skirt and long sleeve shirt
672,best clothing
673,different style of thong
674,family use
675,Women footwear
676,t shirt
677,men's clothing
678,Accessories
679,different style of sneaker
680,Shoes
681,women's sandals
682,Different style pants
683,Jewelry - anklets
684,Plus Size  Lounger
685,WOMENS CLOTHING
686,Women's plus size lounger
687,These are all for Cosplay 
688,Dress with different style
689,WOMENS DRESS
690,Women's Tops & Cardigans
691,bra
692,tank
693,complementary products
694,different style of watches
695,color and model
696,womens tops
697,Boots and fabric protector
698,girls pants 
699,girls underwear
700,girls clothing
701,watch
702,wallet
703,Women's Shoes
704,Looking for pop culture punk look
705,Pendants
706,different style of watches
707,T-Shirt
708,Everything can be used by boys
709,WOMENS DRESS
710,Jewellery 
711,Summer clothing
712,women t-shirts and tops
713,Apparel 
714,watch
715,Looking for premium brand accessories
716,Boot
717,Watches
718,watch
719,women's heels
720,pants 
721,womens bottoms
722,MENS HAT CAP
723,chain
724,jewelry set
725,men sneakers
726,men watches
727,leggings
728,seems like clothes are are all in the sexural catogry 
729,Men's Top
730,Women's T-Shirt 
731,t shirt
732,kid clothes
733,Similar product and common user
734,Watches
735,Shoulder Handbag
736,different style of rings
737,Leg Wear
738,good quality
739,this bundles are alternative products. and also it is an very useful product
740,Women's rings in different styles 
741,Pendants
742,Women's earrings in different styles
743,WOMENS RING
744,wrist watch safety number locker
745,Travel baggage and securities
746,Women bikinis
747,Neck Long Batwing Sleeve and No-Show Striped Socks
748,Shoes and socks
749,different kinds of panty
750,mens tshirts with different styles
751,mens accessories
752,MENS WATCH
753,Tote with different style
754,workwear scrubs and work clogs
755,MENS SHOES
756,men's shoes
757,men's t-shirt
758,different polo
759,MENS TOP AND BOTTOM
760,good quality
761,women's swim suit and invisible bra
762,different style of sandal
763,daily uses
764,Women’s Clothing 
765,nice produced 
766,T shirts
767,"Item4: The Mountain Dragonfly Dreamcatcher Adult T-shirt
"
768,high quality
769,earrings
770,tongue ring
771,Woman's Gown 
772,Frock
773,Basketball Jewelry
774,Baby Cotton Bodysuit
775,different types of tank tops
776,"Items # 1, 8 and 10 are alternative product as well as items #6 and 7.  Item # 2 is irrelevant. Items #9, 10, and 3 are complementary with item # 4 or 5 being complementary as well."
777,different types of hot pants
778,women's sandals
779,Women's bra
780,fashion clothes
781,man boots 
782,Waist belly chain
783,lingerie
784,womens corset
785,womens heels 
786,"Item 1 and 6 - Ladies Footwear
Item 2,3,4 and 5 - Corsets"
787,different style of Sunglasses
788,Hoodie with Different Style
789,"usually friend this products, good quality "
790,Socks and Shoes
791,kids shoes
792,"pants, belt and boot"
793,different watches
794,different style of socks
795,different style of necklace
796,Kids Clothes and Shoes
797,womens clothing
798,Juniors
799,women's flip flop
800,women's boot
801,different style of boot
802,Chic Sunglasses 
803,Hand gloves of different style
804,womens knit winter accessories
805,Calvin Klein Mens
806,Mens Underwear with different styles
807,Men's Three-Pack Boxer Brief
808,regular based products
809,women shoes
810,The users intent is to buy clothes for a women or herself.
811,Shoes for woman
812,Dress with different color and style
813,engagement ring
814,wedding rings
815,women's pants
816,yoga
817,MENS JACKET
818,travel bottle
819,jewelry
820,Man shoes
821,woman flip flop
822,it is useful for stylish
823,women's shorts
824,women's sandals
825,man and women flip flop
826,MENS TOK TOK DESIGN
827,suit and tie
828,Baby Boy Formal
829,men T-shirt
830,MENS T SHRIT
831,best quality men's item
832,Designed dresses
833,Girl's clothing
834,All necklaces 
835,different style of watches
836,different style of wallet
837,baby infant alternatives products
838,necklace
839,ring
840,Fine jewelry
841,High heel fancy shoes.
842,womens sandal
843,Platform Pump
844,Jewellery
845,shoulder and head wrap
846,kid clothes
847,different style of necklace
848,Shoe and slippers 
849,Tricot and image error
850,Kids clothing 
851,Ladies blouse/shirt
852,Frocks
853,women dress with different styles
854,Jewelry
855,look likes very Good
856,MENS WATCH
857,calvin klein mans inner
858,Jewels
859,ring
860,it is an useful product 
861,INFANT GIRLS TOP AND PANT
862,men's shirts.
863,Men t-shirt guitar
864,Jewelry
865,personal use
866,different style of pendant
867,different style of watches
868,kid clothes
869,Wallet
870,shoe and jean pant
871,Women's watch
872,"matching jacket ,jeans,shoes and belt"
873,the items are alternative products: men's pant
874,Pants
875,Women's shoes
876,Women clothing and Costumes
877,crazy party outfit
878,skirts
879,pump & boot
880,same ladies produced 
881,HelloKitty wallet
882,"Women's wear. Item 1,2 & 3 are alternate products. Item 4,5,6 are alternate products"
883,WOMENS T-SHIRT
884,Girls's  pajama
885,Different types of tops
886,high brand
887,The user is more like sport person looks like a gym staff all pit together 
888,Shoes with different brands and purpose
889,Dress with different style and color
890,Nike shoes with different style and color
891,Different types of sandals
892,High heels with different style
893,elegant
894,Women's fall fashion bundle
895,Women leggings with different styles
896,Cardigan
897,Different beauty things 
898,Womens shirts and sweaters
899,Short Sleeve top with different style
900,to buy spirng/summer clothes
901,Swimsuits and bikinis
902,Boot
903,Shoes
904,earrings with different style
905,Jewelry earings 
906,watches
907,Watch with different style 
908,"Items 2, 3 and 4 are complimentary items.
Item 1 is an alternative item."
909,Women's Garments
910,different style of socks
911,womens elbow gloves 
912, match in the clothing and the good quality on the branded
913,Gold Earrings and Chains 
914,Women's maxi skirts
915,different womens top
916,tshirt
917,WOMENS RING
918,Ring and gift pouch
919,Different jeans
920,different style of pendant
921,WOMENS BOOTS
922,alternative products
923,women inners
924,Men T shirts
925,kids night cloth
926,"all kid related products, piyamas and costumes"
927,bandana/hat
928,Long sleeve blouse tops
929,Bikini (different styles)
930,Women clothing
931,hoop earrngs woth different style
932,Ear rings 
933,sling cross body purse
934,belts and belt accessories
935,shoes and socks
936,foot wear 
937,women'socks
938,To buy shoes collection.
939,shoes 
940,men's wear shirt
941, Quality of lasting or remaining unchanged indefinitely
942,Women's Apparel and Accessories
943,Lingerie Set
944,Children clothing
945,womens sandals
946,women's leggins
947,Legging
948,Socks
949,Platform Pump and Handbag 
950,"1,3 same model"
951,Complimentary 
952,Doublju shirts
953,not matching the product and the branded
954,women handbag
955,women accesories 
956,dress
957,earrings
958,ITEM 1 & 3 ARE RELEVANT
959,travel bags
960,Disguise
961,Clothing for cold
962,WOMENS DRESS
963,Jewelry 
964,Leggings and shirt
965,women's capri legging
966,different style of jacket
967,Sun glasses
968,Lenses
969,Sunglasses
970,harring with different style 
971,WOMENS BRACELET
972,THE PRODUCTS PURCHASED BY A COUPLE.THESE THINGS ARE USED BY BOTH MEN AND WOMEN
973,"Women's tops,  women's slippers "
974,"For women to have different clothes options to wear, both in and outdoors!"
975,Women's Leggings
976,earrings
977,boot and dress
978,Wedding 
979,different style of necklace
980,different style of necklace
981,girls jacket
982,Columbia girls hats
983,Heels and purses
984,Formal
985,Shoe Brush different colors
986,shoes
987,accessories
988,blouse shirt
989,women dress
990,women heels
991,women bikini panties with different styles
992,different style of dress
993,Girl Dresses
994,long sleeve
995,short
996,womens dress
997,women's sexy outfit (dress and shoes)
998,different style of bra
999,different style of Top
1000,Woman’s casual fashion 
1001,Umbrella
1002,leather best
1003,Men's inner wear
1004,Men's jeans
1005,Womens accessories
1006,Mens clothes
1007,Alternative Kids shoes
1008,Type of Glasses
1009,Jewellery
1010,Glasses
1011,Bracelets
1012,Type of Jewlery
1013,Womens Tops in different styles
1014,different style of women wear
1015,t shirts
1016,T-shirt
1017,different style of sandal
1018,different style of earings
1019,different style of top
1020,women clothes
1021,different style of ring
1022,different style of socks
1023,Men's shoe
1024,Shoes
1025,Women's leggings
1026,Women's Casual wear
1027,GIRLS T-SHIRT
1028,women shirt and pants
1029,Womens dresses
1030,Women's fashionable-V neck T-shirt dress and sleeve circle stretch jersey polka dots dress and elegant faux wrap printed dress and boat neck sleeveless fully lined career cocktail sheath dress and elegant faux wrap printed dress 
1031,Boy Clothing 2-7
1032,Children's clothing
1033,2
1034,woman Lingerie
1035,different style of bracelet
1036,different style of necklace
1037,dresses with different styles
1038,shirt and skirt
1039,out doors 
1040,Shoes
1041,Women and baby shoes
1042,Baby clothing
1043,Womens sports bras
1044,T-shirt and shoes
1045,different style of socks
1046,bra
1047,Shoes
1048,footwear
1049,WOMENS SANDAL
1050,Men’s top black clothing 
1051,All items related to Men
1052,different types of lockets
1053,chole pump & toddler
1054,charm
1055,MENS SHORTS 
1056,womens pant
1057,mens top and bottom
1058,T-shirt
1059,Socks and shoe 
1060,pants
1061,hoodies
1062,clothing
1063,Night “gala” dress and shoes
1064,formal dress
1065,Women's Shorts
1066,things you wear
1067,Women's Tops and Bottoms
1068,Accessories
1069,WOMENS BRA
1070,Men's trousers of different style
1071,womens clothes
1072,mens clothes
1073,men's shoe
1074,Different styles of little girls outfits 
1075,Womens Bra in different styles
1076,Ribbons and bows
1077,they are both for training
1078,men's t-shirt
1079,women's shoes
1080,WOMENS DRESS
1081,female jewelry
1082,different style of shoes
1083,women shirts and pants 
1084,women shorts 
1085,hat
1086,Outdoor clothing equipment 
1087,alternative products
1088,Men's shirts in different styles.
1089,different style of dress
1090,kid clothes
1091,GIRLS PRINT SHRUG
1092,GIRLS TOP AND BOTTOM
1093,"6,7  is a same model dress"
1094,different style of shorts
1095,different style of shoes
1096,"shirts, pants and belt"
1097,Not given cloth given other cosmetics
1098,different types of female shoes
1099,HOUSTON TEXAS MERCHANDISE
1100,jacket & clubwear
1101,high quality
1102,Women Dresses with tops
1103,Bra with different designs
1104,Various styles of women's leg warmers
1105,women's shoes
1106,Boots and leg warmer combination
1107,different style of shirts
1108,women flip flop
1109,Men's brief
1110,Shoes and Shoe Horn
1111,women's socks
1112,Men's shoes
1113,WOMENS HEADBAND
1114,hairband
1115,"2,4 dress is same model "
1116,BABY BOY'S CLOTHING
1117,high quality and high brand
1118,T.shirts
1119,shirts with different styles
1120,Womens Top
1121,women's dress
1122,calvin klein women's clothing
1123,T-Shirt
1124,T-shirt with various prints in the front
1125,hold ups
1126,10 only irrelavant
1127,Skirt with alternate product
1128,Different style T Shirt
1129,men's accessory bundle
1130,womens summer dresses
1131,long sleeve tops
1132,Different types of shirts
1133,Wet Seal Brand
1134,Ear Gauges 
1135,Different types of pants
1136,Different types of socks
1137,"it is an useful product, For our own purpose we buy this product"
1138,Women's accessories of different type
1139,Shoes
1140,jewelry
1141,women shirt and pants
1142,Game T-Shirts
1143,T Shirt
1144,New spring wardrobe. 
1145,different style of clog
1146,Lindy Bop Women's dress
1147,Women's Manslayer Wedge
1148,User is trying to achieve a female vintage/rockabilly style with vintage-style heels and dresses
1149,earrings
1150,womens earing
1151,boots
1152,"ITEM 1, 4, 5, 6 ARE RELEVANT."
1153,Business clothing
1154,jewelry set
1155,jewelry set
1156,jewelry set
1157,WOMENS PANTS
1158,men shorts with different style
1159,MENS T-SHIRT
1160,Collar Shirt for men
1161,men shoes and accessories
1162,shoes
1163,model are same 
1164,modern women's bootie
1165,different style of necktie
1166,earrings
1167,The items are intended to be added to the bracelet to be worn. 
1168,costume
1169,Costume
1170,Men's Pants & Shirts
1171,Men's Pants with different color & style
1172,necklace
1173,to dress up and go out to town
1174,Casual Tshirt
1175,different style of dress
1176,Tunic tops for ladies
1177,attractive
1178,Classic
1179,women's shorts
1180,women's dresses
1181,Get a high end fashion look for less money
1182,purse and wallet
1183,"Create a coordinated outfit, zebra legging with zebra corset or white skirt with white corset"
1184,Corsets
1185,women's shirt and shorts
1186,Women's T Shirts of Different style
1187,Women's Casual wear of different style
1188,Women's Hair clip of different style
1189,women clothing
1190,Bead charm
1191,Women's Bijoux
1192,rings
1193,earrings
1194,women's wear
1195,women shoes
1196,MENS T SHIRT
1197,different style of pants
1198,different style of bra
1199,They’re all clothes for one person
1200,shoes and socks
1201,Item 2 &3 are women's accessories
1202,ladies ornaments
1203,Animal costumes for different ages
1204,SILVER
1205,Adult Shirt and jackets
1206,possible for some one crazy and funky
1207,handbag
1208,Handbag and scarf for women
1209,Scarf
1210,Christian t-shirts
1211,Christian Tee shirts 
1212,MENS T-SHIRT
1213,Suit and tie
1214,different style of plugs
1215,Kids outwear
1216,Bra with different styles
1217,different style of socks
1218,different style of shirts
1219,women's boot with different brand
1220,Girls products
1221,Boots with different styles
1222,womens clipper bootie
1223,Men's shirt
1224,high quality
1225,jewelry set
1226,active shoe wear
1227,Bag
1228,Men’s button up shirts
1229,Men’s underwear 
1230,Men’s tank top
1231,undergarments
1232,jewelry
1233,Different styles of bracelets
1234,woman skirt
1235,kids shoes
1236,watch
1237,Kids shoes
1238,Men accessories
1239,kid clothes
1240,shoes and sunglasses
1241,different style of leggings
1242,men clothes
1243,different style of T-shirts
1244,Sunglasses
1245,women wear for going out
1246,A nice stylish look
1247,women's skirt
1248,Ladies Party Accessories
1249,dressy wear
1250,1.3.4 the watch is different model 
1251,female shoes
1252,different style of top
1253,different style of top
1254,different style of top
1255,different style of necklace
1256,1.3 watch are same model 
1257,men's watch
1258,different style of t-shirts
1259,Knee High Boots
1260,Women's shoes
1261,Men blazers
1262,Complementary men`s wear 
1263,menswear
1264,Men tank tops
1265,women's bra
1266,Women shirts
1267,Women's lingerie
1268,Cosplay set
1269,I would assume these items were bought for dress-up. Perhaps by a drag queen or someone who plans to dress like one.
1270,T-shirt and pant
1271,Tops
1272,T shorts .alternative products
1273,jewelry set
1274,different style of dress
1275,different style of top
1276,Not related product given cosmetics
1277,summer shoes 
1278,WOMENS SNEAKERS
1279,WOMENS TOP AND SHORTS
1280,"items #2 ,#3, and #4 are alternative items. Items #1, 5 and 6 are complementary items."
1281,different style of cufflinks
1282,Earrings
1283,Chain
1284,Bangle
1285,accessories
1286,Women's jewelry of different styles
1287,Sexy dress
1288,womens mindress with different colours
1289,Women clothing and pants
1290,good quality
1291,different style of socks
1292,Accessory set to choose for going out with friends
1293,women dress
1294,high brand
1295,different style of swimsuit
1296,different style of watches
1297,different style of watches
1298,Sunglasses
1299,clothes
1300,mens cooling glass
1301,men shirt pant
1302,"All girls item, I will buy"
1303,designs
1304,Comfy shoes
1305,Women Accessories
1306,Watch
1307,necklaces
1308,Pendant
1309,Women Maxi
1310,accesories
1311,women's gowns with different styles
1312,Men's Watch
1313,Jackets
1314,Women shoes
1315,jacket 
1316,A women's outfit
1317,Girls different style shirts
1318,Girls different style shorts
1319,clothes for a little girl
1320,Women's plus size leggings
1321,Women's plus size tops
1322,Women’s tops 
1323,different style of rings
1324,WOMEN'S TOP AND BOTTOM
1325,Lace
1326,RINGS WITH DIFFERENT STYLE
1327,Jewelry
1328,"similar - item 1,2, 3, 6, 7
complementary - item 4 and 5"
1329,Footwear
1330,Women's accessories
1331,"Men belts, buckles and bracelets"
1332,Men vests and briefs
1333,WOMENS NECKLACE 
1334,Waterproof shoes
1335,Women’s clothing 
1336,dress
1337,Traveling accessories
1338,quality
1339,womens shoes
1340,Cosplay within a certain theme
1341,Men's footwear
1342,Men's convertible trousers in different styles
1343,"men pant, shirt"
1344,womens necklace pandant
1345,women produced good quality  
1346,Short pant
1347,women shirts
1348,men's shorts
1349,Man clothing
1350,Women's Bermuda Shorts
1351,shoe
1352,Yes to buy a good party wear.
1353,collar and neck
1354,Jewelry
1355,Handbag
1356,women sandal
1357,Flip flops and bikini
1358,Ladies Bags
1359,jewelry set
1360,different types of tshirts
1361,Women pant
1362,Women shirts
1363,3only irrelavant
1364,Girl dress and sneaker
1365,women shoes
1366,3
1367,Under Armour with different designs
1368,Women Sock liner and boot
1369,different style of necklace
1370,different style of dress
1371,Women's kurti
1372,top
1373,Shoes
1374,men accessories belt and wallet 
1375,"All for one person, as it looks, male, all similar products for one person."
1376, Jasper Pendant 
1377,Making jewellery
1378,beads
1379,women's sweater & sweatshirt
1380,coat
1381,under ware
1382,alternative products
1383,different style of top
1384,different style of shirt
1385,jewelry set
1386,different style of trim
1387,brooch 
1388,Pin pack
1389,different kinds of kids Tshirt
1390,"To cover her scalp, perhaps as a result of shaving her head after cancer, and to provide a consistent presentation, even if in different colors. Functionality."
1391,Below items belongs to shoes category.
1392,Bracelet
1393,Handbag
1394,to be stylish
1395,Looking for beads pendant necklace for different clothes match 
1396,it's a man buying accessories to be more stylish
1397,watch and bracelet for men
1398,to give tot their Child to put on
1399,WOMENS DRESS
1400,Mens T-shirt
1401,Mens T-shirts
1402,complementary products
1403,Different types of flat women's shoes
1404,high quality
1405,Shoes
1406,Dresses
1407,prority on the information relevant and the product and the not delay on the product
1408,kid clothes
1409,All products for fashion needs are mostly available
1410, Women's Topshoe
1411,fashion clothes and jewelry
1412,Flipflop for woman
1413,WOMENS HOOP
1414,women's jeans
1415,different style of bra
1416,different style of bra
1417,men's t-shirt
1418,men and women clothing
1419,women accessories 
1420,Handbags of different style
1421,SCARFS
1422,WOMEN'S CLOTHING
1423,different style of shirts
1424,sneakers
1425,bracelet
1426,Chain and leather accessories
1427,girls dress
1428,Tops
1429,T-shirt
1430,"Items 1,2,7 Casual Dresses
Items 3,4,6,7 Casual Tops and Bottoms"
1431,Women's pants and shirts
1432,Men shirt
1433,tank top
1434,Fashion accessories 
1435,WATCH
1436,Maxi dess
1437,Shoes
1438,shoe and boot
1439,WOMENS BOOT
1440,dress
1441,running shoes
1442,Woman top and bottom
1443,Pink shoe with different brand
1444,shoe
1445,Women sandals
1446,different style of necklace
1447,different style of rings
1448,bra
1449,panty and short
1450,Men's jacket
1451,because of their own purpose we need to buy this product
1452,good produced 
1453,tshirt
1454,its nice
1455,Short
1456,women shoes
1457,Buying a wearable outfit
1458,different style of blouse
1459,WOMENS  NECKLACE
1460,Magnetic Therapy Bracelets
1461,home wear
1462,Men's shoes
1463,Clothing and apparels
1464,Women's cothes
1465,T-shirt
1466,Accessories for a pretty lady!
1467,Different wings
1468,Different types of earrings
1469,"I personally think that if they are related, because they create a mysterious girl/bad girl style, which is based on outfit plus accessories and accessories for the phone."
1470,pant
1471,earrings
1472,complementary product
1473,womens boot
1474,different style of socks
1475,Workout Bottoms
1476,Complementry products
1477,Youth boys casual wear
1478,boot
1479,Dangling earrings
1480,womens jewelry different styles
1481,WOMENS DRESS
1482,bra with similar styles
1483,Lingerie
1484,Luggage
1485,Men jean and shorts
1486,Women’s shoes with different styles 
1487,Men’s shirt and tie
1488,WOMENS SHOES
1489,Women's shoes/heels
1490,Women dress
1491,women's dress
1492,Women's Wrap Dress
1493,"Alternative products, all items similar and serve same function"
1494,Crystal jewelry Sets
1495,different style of boot
1496,Men's t-shirt's with printed logo's/ slogan's
1497,Men's T-Shirt
1498,New Born clothing
1499,ladies casual dress
1500,GIRLS TOP AND PANTS
1501,Girls earrings
1502,Men’s shoes
1503,different style of ring
1504,boots
1505,men's t-shirt
1506,WOMENS CHEPPALS
1507,different shoes
1508,strapless bra
1509,Allternative product
1510,different style sandals
1511,women clothes
1512,different girl clothes
1513,womens sleeveless
1514,nice quality 
1515,different style of scarf
1516,different kinds of shoes
1517,boot
1518,kids clothing
1519,Girl child dresses 
1520,RING WITH DIFFERENT STYLE
1521,children's clothes
1522,BABY GIRL TOP AND BOTTOM
1523,different style of briefs
1524,kid clothes
1525,different style of rings
1526,Robes
1527,Womens scrubs outfit
1528,Scrubs
1529,Women's underwear
1530,Women's lingerie
1531,Men's t-shirt
1532,women handbags
1533,Heel sandal for women
1534,Women shirt and pant
1535,Women's dresses
1536,jewelry set
1537,different style of t-shirt
1538,Yes it looks fair
1539,different toddler suits
1540,women's sandals
1541,Chiffon skirt for women
1542,shoes 
1543,party clothes
1544,Rainbow costume outfit 
1545,long sleeve
1546,Jeans and top
1547,Different style of top
1548,baby clothing 
1549,pajama sleeper
1550,Baptism Blessing Outfit for Boys and hat
1551,Solid Ties
1552,Tie with Different Colors
1553,jewelry set
1554,different style of handbag
1555,Rompers with different dtyle and  colours
1556,Silver diamond rings
1557,Party wear dresses
1558,Girls frog dresses 
1559,different style of pajama set
1560,different style of rings
1561,different style of plugs
1562,WOMENS DRESS
1563,Kids clothes
1564,jewelry set
1565,different style of bra
1566,women pump shoe
1567,sandal
1568,different style of shoes
1569,different style of Insole
1570,hat
1571,Not match
1572,Earrings
1573,jewelery for women
1574,3
1575,Under garments
1576,WOMENS DRESS
1577,denim shorts alternative product
1578,shoes
1579,ballet wear
1580,scarves
1581,"Item 7,Item 1,Item 2"
1582,footwear
1583,Women dress different style
1584,top
1585,WOMENS DRESS
1586,Workout Apparel 
1587,Business Professional 
1588,Long sleeve T-shirt
1589,Different types of T-shirts
1590,Allternative Products
1591,Sunglasses
1592,Black high heels with different style
1593,rings
1594,different style of Sandal
1595,Women dress
1596,Lingerie
1597,All items are alternate products for Babies
1598,"There are three basic kinds of user intent: ... Transactional: the user is seeking a specific product or service ... they're seeking, as different types of searchers – even those with similar purchasing habits – could be seeking something different in their content."
1599,ties with different styles
1600,Different styles of necklace
1601,The intent of the user is to be fashionable and and trending collections.
1602,Watches
1603,Womens Sportswear
1604,Tank top
1605,Bags
1606,"Women's clothing, travel and accessories"
1607,Shirts
1608,Variations of similar items to compare
1609,Outdoor workouts
1610,different style of coat
1611,different style of dress
1612,jewelry set
1613,different style of brooch
1614,different style of dress
1615,different style of Tight
1616,different style of shirt
1617,different style of dress
1618,Men's trouser and Short
1619,Bundle for women
1620,High waist pencil skirts with different styles
1621,Sterling silver hoop earrings with different styles
1622,Handbags
1623,WOMENS PURSE
1624,pant 
1625,pant
1626,Women's 100% Cashmere Sweater
1627,Women's mesh shirts with different patterns
1628,Women's accessories
1629,they are related to the same user intent
1630,kid clothes
1631,women sandal
1632,Necklaces and pendants and blouse
1633,ornaments
1634,women top and pant
1635,different style of bra
1636,women high heels shoes with different styles
1637,Womens shoes
1638,Jewelry
1639,"same - item 1,3, 8
complementary - item 2, 4, 5, 6, 7"
1640,piercings
1641,Earrings
1642,skirt
1643,sandal
1644,WOMEN SKIRTS
1645,WOMEN SHOES
1646,T-shirt
1647,T shirt
1648,Long sleeve and Body suite
1649,socks
1650,men's flip flop and sandal and sneaker
1651,flip flop
1652,thong sandal
1653,slippers
1654,Panties
1655,men sneakers with different style 
1656,good collection and new model
1657,Stoned and antique jewelry
1658,professional women
1659,summer fashion
1660,Item 1 and 5 are complementary product. Item 2 and 3 are alternative products
1661,Women athletic accessories
1662,WOMENS T-SHIRT
1663,dress
1664,belly ring
1665,crystal
1666,Shoes
1667,Pet pendants
1668,Woman shirts
1669,different style of flat
1670,Tank tops
1671,Low dress
1672,Cardigan and bottom lace
1673,Pant and Adult Black Boxer Brief
1674,women tops
1675,shoes
1676,not relevant in the clothing but same product
1677,WOMEN'S BRA
1678,MANS T SHIRT
1679,Girls footwear in different styles
1680,Can be use as a set
1681,fashion costumes
1682,Boxer
1683,watch
1684,men's foot wears( boots and shoes)
1685,Men's watches with different styles
1686,Men's shoes with different styles
1687,WOMENS SHOE
1688,different style of slipper
1689,Baby clothing items
1690,"The user is buying stuffs for her kid.
"
1691,This is the proper combination of dress and accessories
1692,Boots
1693,female clothes
1694,boys short
1695,Men's T-shirt
1696,Women's Inner wear
1697,"Items 1,2,4,5 and 6 are complementary products.
Item 3 and item 5 are complementary products."
1698,Scrub tops different styles
1699,girls clothing with different styles
1700,Children clothing
1701,different style of top
1702,different style of pants
1703,Women's legging and dress
1704,Sandals 
1705,Women's tops 
1706,womens geneva slipper
1707,styles of shoes
1708,MEN'S BELT
1709,Shirts
1710,Ladies watch
1711,clothing
1712,women's Legging
1713,Belly Ring
1714,Baby Dress 
1715,Women's footwear
1716,boot and shoe
1717,women boots
1718,men's polo shirt and T-shirt
1719,Men Dress
1720,Men accessories
1721,women chappal
1722,Women's slip-ons
1723,Women dress
1724,Bra
1725,WOMENS DRESS
1726,women's boot
1727,Mens shoes and pants
1728,different style of dress
1729,different style of panty
1730,different style of hose
1731,Shanghai Dress and Plus-Size Leather Inset Sheath
1732,summer
1733,different style of earings
1734,different style of necklace
1735,neck tie in different colours
1736,Different types of earrings
1737,Bijoux
1738,BUTTERFLY
1739,T-shirt  with different style
1740,wedding ring with diferent brand
1741,Medical Uniforms
1742,Halloween Costume
1743,"Item 1,2,4 are alternative products. Item 3 and 5 are alternatives"
1744,Baby-Girls  Infant Blanket Sleepers and Play Snap Front Cats
1745,Baby-girls dress
1746,MENS WATCH
1747,high quality and low cost
1748,watches/jewelry
1749,BRACELET WITH DIFFERENT STYLE
1750,Women's long sleeve apparel
1751,shirts
1752,Baby items
1753,kid clothes
1754,wedding ring for men and wedding ring for woman 
1755,buy a bundle of nerdy stuff
1756,Different style T-shirts
1757,watch
1758,sun class
1759,men clog
1760,Woman’s bras
1761,Jewelry 
1762,Men’s clothing 
1763,MENS SHOE
1764,jewelry set
1765,handbag & tote
1766,bags
1767,model and quality
1768,Shoes with different styles.
1769,kid clothes
1770,baseball cleats
1771,"same - item 1, 2, 3, 4"
1772,Shoes with heels with different styles and color
1773,Watch and Diplomat Watch Winder
1774,watch cases
1775,different style of necklace
1776,"There are three basic kinds of user intent: ... Transactional: the user is seeking a specific product or service ... they're seeking, as different types of searchers – even those with similar purchasing habits – could be seeking something different in their content."
1777,different style of watches
1778,dresses with different styles
1779,different style of Belt
1780,jewelry set
1781,"7,8 chain same model and same color "
1782,3
1783,Women’s bottom
1784,vacation clothing
1785,Women's Nightgown
1786,MENS T-SHIRT
1787,Shoes
1788,women pumpy
1789,women clothing
1790,womens t shirt 
1791,Tops
1792,Earrings
1793,WOMENS DRESS
1794,same model 
1795,elvis scarves
1796,bracelet
1797,costume
1798,boots with different styles
1799,capri bottoms with different styles
1800,Leggings
1801,These all essential for everyday person
1802,same bracelets of different colors
1803,wallet and card holder similar purpose
1804,Top
1805,coats
1806,women bottom
1807,Women's Trousers (different style)
1808,different style of earrings
1809,Men's cufflinks
1810,Footwear and socks
1811,All Product use this same time 
1812,They are all hand jewelry 
1813,"Women Rings Items 1,3,4 and 5 are Alternative products"
1814,sandal
1815,Women's fashion accessories
1816,"jacket, pant and shoes"
1817,different style of pants
1818,Men's clog
1819,No related product
1820,men's wallet
1821,Jewellery
1822,Men's T-shirts with different styles
1823,MENS T-SHIRT
1824,Men's brief with different styles
1825,Bijoux
1826,ring
1827,Stainless Steel Rings
1828,Leather Goods for Women
1829,women top
1830,women sneakers and sandals
1831,jeans
1832,Clip On Earrings
1833,earings
1834,Sweater
1835,alternative products
1836,Baby wear
1837,Footwear
1838,Men Shoes
1839,different style of t-shirt
1840,Women's skirts in different styles
1841,jewelery
1842,shoes
1843,Jewelry stands/ displays
1844,bra
1845,women's bra and panty set
1846,MENS T-SHIRT
1847,Kids 2 Piece Pajama Set
1848,women bras
1849,underware
1850,MENS SHOE
1851,Earring
1852,different style of Bracelet
1853,different style of panty
1854,Sandals 
1855,Diffrent types of women shoes
1856,Slip on Shoes
1857,Work Attire
1858,Edgy/Leather Outfit
1859,to go out at night/special events/disco
1860,
1861,different style of pants
1862,Women's party dresses
1863,different style of bra
1864,"jacket, pants and slipper"
1865,Women's Skinny Jeans
1866,Parts of California Costume
1867,These can be used by girls so it is reasonable bundle
1868,Chain
1869,Bracelet 
1870,different style of pump
1871,women's shirt
1872,"Women's shirts, skirt and boots."
1873,Dresses
1874,a formal meeting invited
1875,the model are same and different colour
1876,the model was same and different color
1877,something for a little girl
1878,"There are three basic kinds of user intent: ... Transactional: the user is seeking a specific product or service ... they're seeking, as different types of searchers – even those with similar purchasing habits – could be seeking something different in their content."
1879,Hat
1880,mans cap
1881,sweater
1882,men's sweater
1883,Womens Leggings
1884,Women's boots
1885,WOMENS BOOT
1886,WARM WEATHER ACCESSORIES
1887,footwear
1888,jewelry
1889,clothing
1890,bras
1891,baby items
1892,jewelry set
1893,Women's clothing
1894,good worth of collection and value products
1895,Women Leggings with different styles. 
1896,women ornaments
1897,ladies bags
1898,it is very attractive design
1899,chain
1900,jewels
1901,women jewellery
1902,different style of earings
1903,different style of rings
1904,Kids sunglasses
1905,kid's t-shirts
1906,kid's sneakers
1907,"1, 5, 6, 8, 8, are highly related to each other as tshirts"
1908,sport mocs and silver screen edition Frankenstein Mask
1909,kid clothes
